0001 1 1 S
0001 2 2 S
0002 1 1 S
0002 2 2 S
0003 2 2 S
0004 2 2 S
0005 2 2 S
0006 11 2 S
0006 20 4 S
0006 5 5 S
0006 20 8 S
0006 8 9 S
0006 5 10 S
0006 11 14 S
0006 20 17 S
0006 11 19 S
0006 20 22 S
0006 5 25 S
0009 6 1 S
0009 13 4 S
0009 13 7 S
0009 13 9 S
0009 11 13 S
0009 8 14 S
0009 1 16 S
0010 11 4 S
0010 11 7 S
0010 6 9 S
0010 9 10 S
0010 9 12 S
0010 9 13 S
0010 11 15 S
0010 14 16 S
0010 14 19 S
0011 1 1 S
0011 2 2 S
0012 11 5 S
0012 11 8 S
0012 11 11 S
0012 22 15 S
0012 22 18 S
0013 16 2 S
0013 7 5 S
0013 7 7 S
0013 16 8 S
0013 24 14 S
0013 7 17 S
0013 5 18 S
0013 24 21 S
0014 24 8 S
0014 2 9 S
0014 24 12 S
0014 15 14 S
0014 22 17 S
0015 4 1 S
0015 4 4 S
0016 2 2 S
0017 16 4 S
0017 5 6 S
0017 5 9 S
0017 5 10 S
0017 5 12 S
0017 5 15 S
0017 17 16 S
0017 23 18 S
0017 23 23 S
0018 2 1 S
0018 1 2 S
0018 1 3 S
0018 5 4 S
0018 5 7 S
0019 10 1 S
0019 15 3 S
0019 4 4 S
0019 7 7 S
0019 7 10 S
0019 12 11 S
0019 12 13 S
0019 15 17 S
0020 3 1 S
0020 11 2 S
0020 18 4 S
0020 3 11 S
0020 18 13 S
0020 14 14 S
0020 14 16 S
0020 10 17 S
0020 10 22 S
0020 18 23 S
0020 18 24 S
0021 1 1 S
0021 17 4 S
0021 17 7 S
0021 7 10 S
0021 8 13 S
0021 8 18 S
0021 8 20 S
0021 1 23 S
0022 10 7 S
0022 10 10 S
0023 8 3 S
0023 14 5 S
0023 5 8 S
0023 11 11 S
0023 2 12 S
0023 14 14 S
0024 2 1 S
0024 2 4 S
0025 22 1 S
0025 27 4 S
0025 27 10 S
0025 10 13 S
0025 27 16 S
0025 15 20 S
0025 27 22 S
0025 22 23 S
0025 1 27 S
0026 3 1 S
0026 3 2 S
0026 3 5 S
0027 1 1 S
0027 1 3 S
0027 7 5 S
0027 1 9 S
0027 12 10 S
0027 15 13 S
0027 15 14 S
0027 15 16 S
0028 3 3 S
0028 5 5 S
0028 3 6 S
0028 7 8 S
0029 7 1 S
0029 8 3 S
0029 18 12 S
0029 4 15 S
0029 7 23 S
0030 2 3 S
0030 2 8 S
0030 5 11 S
0031 20 5 S
0031 3 6 S
0031 20 9 S
0031 4 10 S
0031 12 12 S
0031 12 15 S
0031 20 18 S
0031 12 20 S
0031 4 22 S
0031 7 24 S
0032 9 1 S
0032 3 2 S
0032 9 3 S
0032 14 4 S
0032 6 8 S
0032 6 14 S
0032 4 15 S
0032 6 17 S
0032 14 19 S
0033 21 4 S
0033 6 5 S
0033 21 8 S
0033 9 9 S
0033 14 12 S
0033 9 14 S
0033 9 17 S
0033 6 19 S
0034 3 4 S
0034 23 7 S
0034 3 8 S
0034 23 11 S
0034 23 18 S
0034 10 19 S
0034 10 21 S
0034 10 23 S
0034 16 25 S
0034 7 27 S
0035 17 8 S
0035 13 12 S
0035 13 13 S
0035 13 16 S
0035 17 19 S
0036 10 5 S
0036 14 8 S
0036 10 11 S
0036 10 13 S
0036 14 16 S
0037 3 2 S
0037 4 4 S
0037 4 6 S
0038 1 1 S
0038 16 4 S
0038 16 5 S
0038 16 8 S
0038 16 11 S
0038 1 12 S
0038 16 14 S
0038 16 16 S
0038 3 20 S
0038 1 21 S
0038 16 22 S
0038 1 24 S
0039 1 1 S
0039 3 3 S
0039 6 4 S
0039 15 16 S
0040 10 1 S
0040 24 4 S
0040 6 5 S
0040 24 7 S
0040 24 11 S
0040 10 12 S
0040 7 13 S
0040 6 14 S
0040 13 17 S
0040 10 21 S
0040 10 22 S
0040 19 24 S
0040 24 26 S
0041 12 1 S
0041 12 5 S
0041 7 7 S
0041 12 8 S
0041 14 10 S
0041 14 12 S
0042 1 1 S
0042 8 4 S
0042 10 7 S
0042 8 8 S
0042 10 10 S
0042 22 11 S
0042 8 13 S
0042 10 14 S
0042 22 15 S
0042 10 17 S
0042 22 28 S
0043 6 1 S
0043 6 4 S
0043 1 5 S
0043 2 7 S
0043 1 8 S
0044 10 2 S
0044 7 7 S
0044 17 10 S
0044 7 12 S
0044 7 13 S
0044 7 17 S
0044 14 18 S
0044 21 21 S
0047 11 4 S
0047 20 8 S
0047 20 11 S
0047 13 13 S
0047 16 15 S
0047 16 18 S
0047 20 19 S
0048 1 2 S
0048 24 3 S
0048 6 7 S
0048 13 15 S
0048 24 18 S
0048 1 19 S
0048 6 22 S
0048 24 23 S
0048 13 25 S
0048 24 27 S
0049 11 3 S
0049 13 5 S
0049 7 7 S
0049 12 8 S
0049 7 11 S
0049 13 16 S
0049 13 18 S
0050 1 1 S
0050 2 2 S
0050 1 3 S
0050 22 7 S
0050 14 8 S
0050 12 10 S
0050 20 13 S
0050 10 15 S
0050 22 20 S
0051 24 7 S
0051 12 8 S
0051 21 13 S
0051 21 16 S
0051 19 18 S
0051 12 20 S
0051 24 24 S
0052 1 1 S
0052 15 3 S
0052 1 4 S
0052 10 6 S
0052 15 8 S
0052 7 11 S
0052 1 12 S
0052 15 14 S
0052 15 16 S
0052 15 20 S
0052 15 22 S
0052 15 23 S
0052 15 25 S
0053 18 2 S
0053 6 3 S
0053 18 5 S
0053 6 7 S
0053 18 9 S
0053 16 10 S
0053 18 12 S
0053 18 14 S
0053 12 15 S
0053 20 16 S
0053 16 17 S
0053 21 23 S
0054 13 1 S
0054 12 3 S
0054 15 5 S
0054 6 8 S
0054 13 11 S
0054 12 13 S
0054 15 16 S
0055 22 3 S
0055 9 9 S
0055 22 10 S
0055 17 11 S
0055 22 14 S
0055 10 17 S
0055 9 21 S
0055 22 23 S
0055 9 24 S
0055 22 27 S
0056 3 3 S
0056 4 4 S
0056 6 5 S
0056 3 6 S
0056 6 9 S
0057 3 3 S
0057 11 5 S
0057 13 8 S
0057 26 10 S
0057 13 12 S
0057 11 13 S
0057 13 16 S
0057 13 18 S
0057 13 22 S
0057 13 25 S
0057 26 27 S
0057 26 30 S
0058 10 3 S
0058 10 6 S
0058 8 7 S
0058 10 9 S
0058 10 10 S
0058 10 11 S
0058 18 17 S
0059 16 1 S
0059 9 3 S
0059 16 10 S
0059 16 15 S
0059 9 17 S
0059 16 19 S
0060 27 4 S
0060 23 5 S
0060 20 9 S
0060 1 11 S
0060 1 12 S
0060 23 14 S
0060 17 17 S
0060 20 19 S
0060 1 20 S
0060 20 23 S
0060 24 24 S
0060 27 26 S
0061 1 1 S
0061 11 4 S
0061 1 9 S
0062 6 3 S
0062 11 7 S
0062 11 13 S
0063 11 5 S
0063 11 6 S
0063 7 7 S
0063 7 11 S
0063 7 13 S
0063 11 16 S
0064 17 1 S
0064 1 2 S
0064 15 4 S
0064 20 5 S
0064 9 7 S
0064 15 8 S
0064 20 9 S
0064 9 16 S
0064 1 18 S
0064 9 20 S
0064 20 21 S
0064 9 26 S
0064 20 29 S
0065 2 1 S
0065 2 3 S
0066 2 2 S
0066 29 3 S
0066 29 6 S
0066 13 10 S
0066 2 17 S
0066 13 19 S
0066 29 27 S
0067 2 2 S
0068 28 4 S
0068 14 7 S
0068 28 11 S
0068 17 12 S
0068 14 16 S
0068 17 18 S
0068 17 19 S
0068 17 21 S
0068 17 23 S
0068 28 26 S
0069 12 5 S
0069 8 6 S
0069 16 8 S
0069 8 10 S
0069 16 12 S
0069 2 15 S
0069 12 18 S
0069 8 20 S
0069 22 23 S
0069 12 25 S
0070 10 3 S
0070 6 5 S
0070 6 8 S
0070 10 10 S
0070 10 11 S
0070 6 13 S
0070 18 16 S
0071 13 3 S
0071 13 5 S
0071 13 6 S
0071 13 8 S
0071 13 12 S
0071 13 14 S
0071 10 17 S
0071 10 18 S
0071 13 20 S
0072 29 10 S
0072 16 14 S
0072 17 15 S
0072 16 16 S
0072 16 19 S
0072 16 21 S
0072 22 23 S
0072 22 27 S
0072 29 29 S
0073 15 1 S
0073 3 4 S
0073 15 5 S
0073 15 9 S
0073 10 11 S
0073 3 12 S
0073 12 13 S
0073 15 14 S
0073 15 18 S
0074 6 1 S
0074 17 4 S
0074 17 7 S
0074 17 9 S
0074 12 13 S
0074 10 14 S
0074 12 17 S
0074 1 20 S
0075 17 5 S
0075 4 6 S
0075 6 10 S
0075 6 13 S
0075 17 16 S
0076 11 4 S
0076 7 5 S
0076 2 7 S
0076 11 9 S
0077 5 5 S
0078 6 5 S
0078 8 8 S
0078 8 10 S
0079 1 1 S
0079 2 2 S
0080 18 1 S
0080 19 4 S
0080 18 6 S
0080 17 7 S
0080 19 10 S
0080 6 11 S
0080 8 13 S
0080 19 17 S
0080 18 19 S
0080 17 20 S
0080 17 22 S
0080 1 24 S
0081 1 1 S
0081 12 4 S
0081 7 7 S
0081 7 9 S
0081 12 11 S
0081 1 12 S
0081 1 14 S
0082 1 1 S
0082 2 2 S
0082 2 3 S
0082 3 4 S
0082 2 7 S
0082 3 9 S
0082 2 13 S
0082 2 15 S
0082 4 18 S
0082 4 20 S
0082 2 23 S
0083 7 1 S
0083 17 3 S
0083 17 4 S
0083 20 6 S
0083 20 10 S
0083 17 11 S
0083 20 14 S
0083 3 16 S
0083 17 19 S
0083 17 20 S
0083 20 21 S
0083 17 23 S
0083 7 24 S
0083 17 26 S
0083 17 27 S
0083 7 28 S
0083 20 30 S
0084 3 3 S
0084 27 9 S
0084 17 13 S
0084 15 14 S
0084 19 17 S
0084 19 18 S
0084 3 21 S
0084 27 24 S
0085 1 1 S
0085 14 5 S
0085 1 8 S
0085 5 9 S
0085 5 11 S
0085 14 14 S
0086 15 2 S
0086 15 5 S
0086 5 6 S
0086 5 8 S
0086 15 10 S
0086 15 15 S
0086 10 18 S
0086 15 21 S
0087 1 1 S
0087 2 2 S
0087 11 3 S
0087 2 4 S
0087 7 5 S
0087 13 6 S
0087 13 9 S
0087 7 10 S
0087 7 11 S
0087 11 14 S
0087 13 17 S
0088 14 1 S
0088 14 3 S
0088 14 8 S
0088 14 16 S
0088 8 19 S
0088 14 22 S
0089 2 3 S
0089 20 4 S
0089 2 6 S
0089 10 10 S
0089 20 11 S
0089 25 12 S
0089 17 14 S
0089 25 16 S
0089 2 18 S
0089 20 20 S
0089 10 21 S
0089 25 24 S
0089 25 26 S
0090 12 7 S
0090 9 10 S
0090 12 12 S
0090 1 13 S
0090 12 16 S
0090 10 17 S
0090 12 19 S
0090 15 20 S
0090 15 22 S
0091 6 7 S
0091 6 10 S
0091 15 16 S
0092 8 4 S
0092 13 7 S
0092 8 8 S
0092 13 10 S
0092 13 13 S
0092 13 16 S
0093 21 2 S
0093 17 7 S
0093 18 10 S
0093 12 12 S
0093 23 17 S
0093 12 18 S
0093 21 20 S
0093 23 22 S
0094 15 2 S
0094 25 7 S
0094 23 9 S
0094 23 10 S
0094 25 11 S
0094 25 13 S
0094 15 18 S
0094 25 19 S
0094 25 21 S
0094 25 24 S
0095 7 1 S
0095 1 4 S
0095 17 7 S
0095 10 9 S
0095 17 11 S
0095 14 13 S
0095 17 16 S
0096 2 3 S
0096 4 5 S
0096 6 7 S
0096 8 9 S
0096 12 10 S
0096 6 12 S
0096 12 14 S
0097 8 2 S
0097 6 6 S
0097 21 9 S
0097 12 10 S
0097 6 13 S
0097 6 15 S
0097 6 18 S
0098 2 1 S
0098 12 3 S
0098 12 5 S
0098 12 6 S
0098 18 9 S
0098 15 16 S
0098 18 19 S
0098 18 22 S
0099 2 2 S
0099 3 3 S
0100 30 2 S
0100 1 3 S
0100 30 7 S
0100 10 8 S
0100 12 10 S
0100 28 13 S
0100 16 16 S
0100 12 17 S
0100 30 24 S
0100 30 29 S
0101 9 5 S
0101 9 9 S
0102 1 1 S
0102 15 3 S
0102 6 5 S
0102 4 6 S
0102 6 8 S
0102 12 9 S
0102 12 11 S
0102 15 14 S
0103 4 1 S
0103 15 3 S
0103 6 6 S
0103 9 9 S
0103 9 13 S
0103 9 17 S
0103 9 21 S
0103 23 22 S
0103 15 24 S
0103 23 26 S
0104 13 3 S
0104 10 4 S
0104 13 7 S
0104 10 8 S
0104 13 11 S
0104 1 14 S
0105 7 1 S
0105 9 4 S
0105 9 7 S
0105 9 8 S
0105 1 13 S
0105 1 15 S
0105 9 17 S
0106 1 1 S
0106 14 4 S
0106 8 8 S
0106 9 12 S
0106 9 15 S
0106 1 17 S
0107 9 1 S
0107 1 2 S
0107 4 4 S
0107 22 5 S
0107 4 7 S
0107 9 8 S
0107 22 10 S
0107 9 11 S
0107 1 12 S
0107 4 13 S
0107 22 14 S
0107 4 15 S
0107 4 19 S
0107 4 21 S
0107 22 24 S
0107 22 30 S
0108 12 1 S
0108 4 3 S
0108 12 5 S
0108 12 8 S
0108 21 14 S
0108 15 15 S
0108 12 17 S
0108 21 21 S
0108 3 22 S
0108 3 23 S
0108 21 24 S
0109 3 3 S
0109 6 7 S
0109 1 12 S
0109 6 14 S
0109 6 17 S
0109 3 20 S
0109 19 23 S
0110 2 3 S
0110 8 5 S
0110 8 7 S
0111 8 1 S
0111 13 3 S
0111 7 4 S
0111 7 7 S
0111 7 8 S
0111 13 10 S
0111 13 13 S
0111 13 15 S
0112 8 1 S
0112 23 3 S
0112 3 6 S
0112 8 9 S
0112 6 14 S
0112 23 15 S
0112 13 16 S
0112 6 19 S
0112 8 21 S
0112 23 23 S
0112 13 24 S
0112 23 27 S
0113 6 2 S
0113 6 4 S
0113 6 6 S
0114 4 2 S
0114 25 4 S
0114 25 8 S
0114 22 11 S
0114 22 16 S
0114 17 18 S
0114 25 23 S
0114 25 26 S
0115 5 2 S
0115 5 5 S
0115 7 8 S
0116 5 2 S
0116 3 3 S
0116 4 5 S
0116 3 6 S
0117 21 3 S
0117 19 7 S
0117 12 13 S
0117 12 14 S
0117 6 16 S
0117 6 18 S
0117 19 20 S
0117 21 22 S
0118 13 3 S
0118 9 4 S
0118 13 7 S
0118 9 8 S
0118 9 11 S
0118 13 13 S
0118 9 14 S
0118 5 16 S
0119 7 5 S
0119 7 6 S
0119 7 9 S
0119 7 11 S
0119 7 13 S
0119 26 14 S
0119 20 22 S
0119 26 28 S
0120 9 5 S
0120 7 7 S
0120 8 8 S
0120 9 10 S
0121 2 5 S
0121 5 10 S
0121 8 12 S
0121 23 15 S
0121 23 18 S
0122 1 1 S
0122 16 4 S
0122 16 6 S
0122 10 8 S
0122 16 14 S
0122 16 17 S
0122 16 19 S
0122 16 20 S
0122 16 22 S
0122 16 24 S
0122 16 25 S
0122 1 27 S
0123 1 1 S
0123 1 3 S
0123 23 4 S
0123 1 5 S
0123 23 14 S
0123 20 17 S
0123 17 18 S
0123 20 20 S
0123 23 23 S
0124 2 2 S
0125 1 1 S
0125 1 6 S
0125 15 7 S
0125 7 10 S
0125 1 13 S
0125 26 17 S
0125 10 19 S
0125 26 25 S
0126 15 4 S
0126 3 5 S
0126 15 8 S
0126 9 9 S
0126 3 14 S
0127 9 1 S
0127 26 4 S
0127 26 13 S
0127 19 17 S
0127 17 19 S
0127 26 22 S
0127 1 24 S
0128 4 3 S
0128 20 6 S
0128 13 10 S
0128 13 13 S
0128 20 15 S
0128 7 16 S
0128 4 20 S
0128 20 22 S
0128 20 26 S
0129 10 6 S
0129 5 9 S
0129 11 10 S
0129 18 13 S
0129 18 16 S
0129 18 19 S
0130 12 3 S
0130 5 4 S
0130 12 10 S
0131 3 3 S
0131 12 4 S
0131 9 7 S
0131 3 10 S
0131 12 13 S
0131 24 19 S
0132 3 1 S
0132 3 5 S
0132 11 7 S
0132 3 8 S
0132 11 11 S
0133 5 1 S
0133 4 3 S
0133 4 4 S
0134 13 4 S
0134 9 5 S
0134 5 7 S
0134 13 8 S
0134 7 9 S
0134 5 14 S
0134 4 17 S
0135 1 1 S
0135 7 3 S
0135 1 4 S
0135 7 5 S
0135 7 12 S
0136 7 4 S
0136 10 6 S
0136 18 8 S
0136 10 11 S
0136 18 12 S
0136 10 13 S
0136 18 15 S
0137 2 3 S
0137 20 4 S
0137 6 6 S
0137 9 9 S
0137 10 10 S
0137 6 15 S
0137 20 18 S
0138 7 1 S
0138 2 2 S
0138 7 3 S
0138 2 6 S
0138 2 8 S
0138 7 10 S
0139 11 1 S
0139 13 2 S
0139 11 6 S
0139 7 8 S
0139 13 11 S
0139 12 12 S
0139 11 14 S
0139 12 15 S
0139 13 18 S
0140 12 1 S
0140 9 3 S
0140 12 5 S
0140 10 9 S
0140 12 11 S
0141 2 3 S
0141 18 4 S
0141 18 8 S
0141 5 9 S
0141 7 15 S
0141 18 19 S
0142 16 3 S
0142 16 5 S
0142 16 7 S
0142 7 10 S
0142 16 14 S
0142 19 17 S
0142 16 18 S
0142 9 20 S
0142 16 21 S
0142 19 23 S
0143 9 3 S
0143 9 9 S
0144 2 1 S
0144 27 6 S
0144 1 8 S
0144 10 10 S
0144 2 17 S
0144 6 20 S
0144 27 26 S
0145 1 1 S
0146 11 1 S
0146 11 3 S
0146 11 4 S
0146 2 5 S
0146 11 6 S
0146 11 7 S
0146 2 11 S
0146 11 13 S
0147 10 5 S
0147 13 9 S
0148 6 6 S
0148 7 7 S
0148 6 10 S
0148 12 12 S
0148 6 15 S
0148 6 18 S
0148 6 20 S
0148 24 24 S
0148 12 25 S
0148 6 28 S
0148 24 30 S
0149 11 1 S
0149 11 4 S
0149 8 8 S
0149 8 12 S
0149 8 14 S
0149 11 15 S
0149 8 17 S
0150 4 1 S
0150 4 8 S
0150 15 9 S
0150 15 12 S
0150 21 15 S
0150 15 18 S
0150 23 19 S
0150 15 22 S
0150 27 26 S
0150 27 29 S
0151 9 1 S
0151 9 4 S
0151 9 5 S
0151 9 7 S
0151 9 15 S
0151 13 17 S
0152 4 4 S
0152 4 5 S
0152 7 10 S
0152 9 13 S
0153 16 1 S
0153 2 2 S
0153 4 4 S
0153 20 8 S
0153 22 10 S
0153 22 17 S
0154 17 12 S
0154 13 15 S
0154 17 18 S
0155 12 1 S
0155 20 2 S
0155 12 3 S
0155 4 6 S
0155 12 7 S
0155 17 9 S
0155 4 10 S
0155 4 13 S
0155 17 17 S
0155 4 20 S
0155 20 23 S
0155 20 27 S
0156 3 1 S
0156 3 2 S
0156 3 6 S
0156 3 7 S
0157 3 6 S
0157 18 10 S
0157 18 16 S
0157 3 18 S
0157 11 20 S
0157 18 23 S
0158 4 1 S
0158 8 4 S
0158 4 6 S
0158 8 9 S
0159 4 1 S
0159 4 4 S
0159 7 6 S
0159 4 8 S
0159 13 10 S
0159 13 13 S
0160 4 1 S
0161 9 3 S
0161 9 11 S
0161 9 12 S
0161 12 14 S
0161 14 16 S
0162 9 1 S
0162 5 3 S
0162 22 4 S
0162 17 7 S
0162 9 8 S
0162 22 9 S
0162 22 10 S
0162 22 12 S
0162 22 13 S
0162 17 14 S
0162 22 16 S
0162 9 18 S
0162 17 20 S
0162 17 21 S
0162 4 24 S
0163 13 2 S
0163 13 3 S
0163 9 5 S
0163 9 7 S
0163 5 10 S
0163 13 12 S
0164 25 2 S
0164 18 3 S
0164 25 4 S
0164 17 5 S
0164 17 6 S
0164 18 8 S
0164 18 11 S
0164 5 12 S
0164 17 14 S
0164 17 16 S
0164 5 18 S
0164 12 19 S
0164 17 20 S
0164 12 21 S
0164 25 29 S
0165 2 1 S
0165 14 2 S
0165 14 11 S
0165 21 18 S
0166 25 4 S
0166 12 8 S
0166 25 9 S
0166 25 12 S
0166 13 13 S
0166 5 15 S
0166 13 17 S
0166 25 19 S
0166 19 20 S
0166 25 27 S
0167 4 1 S
0167 4 4 S
0167 4 8 S
0168 1 2 S
0168 1 3 S
0168 1 4 S
0168 1 5 S
0168 2 7 S
0168 27 10 S
0168 2 13 S
0168 27 14 S
0168 27 18 S
0168 2 22 S
0168 2 26 S
0168 27 29 S
0169 19 1 S
0169 19 3 S
0169 19 5 S
0169 18 6 S
0169 22 8 S
0169 3 9 S
0169 19 11 S
0169 19 13 S
0169 22 15 S
0169 22 17 S
0169 18 18 S
0169 19 21 S
0169 11 24 S
0169 22 28 S
0170 4 1 S
0170 8 4 S
0170 8 8 S
0171 13 1 S
0171 18 5 S
0171 5 9 S
0171 5 11 S
0171 18 12 S
0171 10 16 S
0171 15 19 S
0171 5 21 S
0171 18 23 S
0172 22 7 S
0172 3 9 S
0172 3 10 S
0172 2 12 S
0172 7 14 S
0172 2 15 S
0172 2 23 S
0172 18 26 S
0173 2 5 S
0173 13 8 S
0173 11 9 S
0173 11 12 S
0174 5 3 S
0174 20 8 S
0174 5 9 S
0174 20 12 S
0174 5 13 S
0174 3 20 S
0174 3 22 S
0174 8 24 S
0175 2 1 S
0175 3 2 S
0175 6 3 S
0175 3 4 S
0175 3 5 S
0175 5 6 S
0175 2 8 S
0176 21 3 S
0176 8 4 S
0176 10 6 S
0176 21 7 S
0176 5 8 S
0176 21 12 S
0176 10 13 S
0176 14 14 S
0176 10 16 S
0176 10 18 S
0176 21 20 S
0176 10 21 S
0176 14 22 S
0176 21 25 S
0176 21 28 S
0177 2 1 S
0177 12 2 S
0177 1 7 S
0177 12 11 S
0178 2 3 S
0178 14 4 S
0178 6 8 S
0178 14 11 S
0178 12 14 S
0178 9 15 S
0178 14 17 S
0179 7 4 S
0179 8 5 S
0179 9 6 S
0180 7 4 S
0180 7 5 S
0180 7 8 S
0181 13 2 S
0181 13 9 S
0181 13 14 S
0182 17 4 S
0182 15 7 S
0182 15 9 S
0182 15 11 S
0182 16 12 S
0182 17 14 S
0182 14 15 S
0182 16 16 S
0182 15 17 S
0182 16 18 S
0182 16 19 S
0182 17 20 S
0183 2 1 S
0183 5 2 S
0183 1 3 S
0183 5 6 S
0184 3 1 S
0184 5 2 S
0185 2 3 S
0185 9 4 S
0185 9 9 S
0186 1 4 S
0186 12 6 S
0186 10 7 S
0186 8 9 S
0186 10 10 S
0186 12 11 S
0186 10 13 S
0186 12 15 S
0187 2 1 S
0187 7 3 S
0187 19 6 S
0187 7 8 S
0187 1 10 S
0187 19 12 S
0187 19 15 S
0187 7 16 S
0187 19 18 S
0188 11 1 S
0188 11 3 S
0188 11 4 S
0188 1 6 S
0188 3 7 S
0188 1 10 S
0188 3 12 S
0188 1 13 S
0188 11 17 S
0189 1 1 S
0189 2 3 S
0189 18 4 S
0189 18 7 S
0189 1 14 S
0189 15 16 S
0189 12 17 S
0189 1 20 S
0190 15 3 S
0190 11 5 S
0190 15 7 S
0190 11 10 S
0190 11 17 S
0190 15 20 S
0191 5 5 S
0192 6 4 S
0192 1 5 S
0192 1 7 S
0192 6 9 S
0192 11 10 S
0192 11 12 S
0193 11 5 S
0193 22 11 S
0193 10 12 S
0193 12 13 S
0193 19 14 S
0193 11 15 S
0193 22 17 S
0193 7 18 S
0193 14 19 S
0193 14 20 S
0193 14 21 S
0193 8 23 S
0193 22 25 S
0193 19 26 S
0193 22 29 S
0194 12 6 S
0194 8 8 S
0194 8 9 S
0194 12 12 S
0195 1 5 S
0195 1 6 S
0195 18 8 S
0195 14 9 S
0195 1 11 S
0195 1 12 S
0195 1 14 S
0195 18 17 S
0196 21 4 S
0196 8 6 S
0196 4 9 S
0196 8 12 S
0196 21 13 S
0196 4 17 S
0196 21 20 S
0197 8 7 S
0197 11 8 S
0197 8 10 S
0197 11 13 S
0197 5 14 S
0197 8 17 S
0197 11 22 S
0198 12 4 S
0198 15 8 S
0198 12 9 S
0198 15 10 S
0198 15 11 S
0198 15 17 S
0199 4 1 S
0199 4 3 S
0200 5 1 S
0200 11 2 S
0200 5 3 S
0200 5 4 S
0200 12 7 S
0200 11 8 S
0200 11 9 S
0200 9 10 S
0200 12 12 S
0200 5 13 S
0200 12 14 S
0201 12 6 S
0201 12 9 S
0202 20 8 S
0202 20 10 S
0202 24 12 S
0202 17 14 S
0202 20 15 S
0202 17 18 S
0202 24 24 S
0203 10 1 S
0203 17 4 S
0203 17 6 S
0203 10 7 S
0203 17 9 S
0204 14 2 S
0204 6 4 S
0204 6 5 S
0204 7 6 S
0204 14 8 S
0204 7 9 S
0204 14 10 S
0204 14 11 S
0204 7 12 S
0204 7 13 S
0204 7 15 S
0204 14 16 S
0204 14 18 S
0205 14 3 S
0205 10 6 S
0205 10 9 S
0205 11 11 S
0205 11 14 S
0206 1 1 S
0206 2 3 S
0206 11 4 S
0206 1 9 S
0207 7 8 S
0208 20 1 S
0208 9 4 S
0208 20 5 S
0208 13 9 S
0208 20 13 S
0208 9 14 S
0208 20 17 S
0208 20 21 S
0208 20 24 S
0209 10 2 S
0209 8 4 S
0209 8 7 S
0209 8 8 S
0209 8 11 S
0209 8 12 S
0209 10 15 S
0210 8 3 S
0210 12 9 S
0211 5 3 S
0211 12 6 S
0211 12 8 S
0211 12 9 S
0211 12 12 S
0212 13 2 S
0212 8 6 S
0212 8 8 S
0212 13 12 S
0214 9 12 S
0214 14 14 S
0215 23 2 S
0215 16 3 S
0215 6 5 S
0215 23 6 S
0215 16 7 S
0215 3 8 S
0215 23 15 S
0215 16 16 S
0215 23 17 S
0215 3 18 S
0215 21 20 S
0215 21 23 S
0215 5 25 S
0216 12 1 S
0216 8 3 S
0216 18 4 S
0216 12 9 S
0216 8 12 S
0216 17 14 S
0216 18 15 S
0217 21 3 S
0217 5 5 S
0217 7 7 S
0217 7 10 S
0217 3 11 S
0217 14 13 S
0217 26 14 S
0217 14 17 S
0217 17 18 S
0217 26 20 S
0217 21 23 S
0217 8 27 S
0218 2 1 S
0218 5 2 S
0218 5 4 S
0219 7 1 S
0219 2 3 S
0219 7 4 S
0219 2 5 S
0219 2 8 S
0219 2 11 S
0220 13 1 S
0220 17 3 S
0220 8 4 S
0220 5 6 S
0220 17 8 S
0220 5 9 S
0220 17 12 S
0220 5 15 S
0220 6 17 S
0220 20 20 S
0221 2 1 S
0221 1 3 S
0221 4 5 S
0221 6 7 S
0221 13 10 S
0221 6 16 S
0221 13 21 S
0222 12 5 S
0222 17 12 S
0222 15 15 S
0222 17 18 S
0222 15 19 S
0222 12 22 S
0222 12 23 S
0222 26 30 S
0223 1 2 S
0223 5 3 S
0223 5 4 S
0223 5 9 S
0224 19 1 S
0224 7 2 S
0224 27 5 S
0224 19 6 S
0224 15 10 S
0224 7 12 S
0224 10 15 S
0224 15 18 S
0224 7 23 S
0224 27 26 S
0225 11 6 S
0225 11 11 S
0226 8 6 S
0226 6 7 S
0226 9 8 S
0226 6 9 S
0226 9 10 S
0226 9 14 S
0227 3 1 S
0227 25 4 S
0227 1 5 S
0227 9 6 S
0227 7 7 S
0227 17 8 S
0227 18 9 S
0227 17 10 S
0227 7 12 S
0227 25 15 S
0227 7 16 S
0227 17 19 S
0227 17 21 S
0227 7 23 S
0227 3 24 S
0227 17 26 S
0227 25 30 S
0228 9 4 S
0228 16 6 S
0228 7 8 S
0228 7 11 S
0228 18 14 S
0228 7 16 S
0228 18 17 S
0228 16 18 S
0228 18 19 S
0228 18 20 S
0228 18 22 S
0229 20 2 S
0229 14 4 S
0229 4 7 S
0229 20 10 S
0229 14 11 S
0229 7 13 S
0229 14 14 S
0229 20 16 S
0229 20 18 S
0229 7 21 S
0229 7 24 S
0229 20 25 S
0229 20 26 S
0229 20 27 S
0230 1 1 S
0230 24 3 S
0230 3 6 S
0230 11 7 S
0230 11 9 S
0230 24 17 S
0230 14 19 S
0230 14 20 S
0230 24 24 S
0231 3 2 S
0231 3 3 S
0231 3 7 S
0231 7 9 S
0231 9 10 S
0231 9 11 S
0231 7 13 S
0231 13 17 S
0231 8 20 S
0232 9 3 S
0232 12 6 S
0232 1 7 S
0232 9 9 S
0232 1 12 S
0232 9 14 S
0232 12 15 S
0232 12 17 S
0232 12 20 S
0233 16 1 S
0233 28 3 S
0233 19 4 S
0233 14 5 S
0233 19 9 S
0233 28 12 S
0233 4 13 S
0233 19 17 S
0233 14 20 S
0233 4 25 S
0233 28 29 S
0234 6 1 S
0234 19 3 S
0234 4 6 S
0234 6 8 S
0234 18 13 S
0234 6 15 S
0234 19 19 S
0234 13 22 S
0235 4 6 S
0235 8 7 S
0235 23 10 S
0235 23 12 S
0235 26 16 S
0235 23 20 S
0235 23 21 S
0235 4 23 S
0235 23 25 S
0235 26 27 S
0235 26 30 S
0236 22 7 S
0236 22 10 S
0236 22 11 S
0236 14 13 S
0236 17 16 S
0236 4 17 S
0236 17 19 S
0236 22 22 S
0237 22 2 S
0237 14 3 S
0237 22 6 S
0237 17 7 S
0237 22 8 S
0237 22 10 S
0237 17 11 S
0237 14 12 S
0237 3 13 S
0237 17 18 S
0237 17 19 S
0237 3 20 S
0237 22 22 S
0237 17 23 S
0237 22 25 S
0238 8 3 S
0238 12 6 S
0238 12 8 S
0238 12 13 S
0238 12 18 S
0238 12 20 S
0238 12 23 S
0239 17 3 S
0239 17 5 S
0239 17 7 S
0239 12 8 S
0239 17 9 S
0239 12 10 S
0239 17 14 S
0240 5 7 S
0240 8 8 S
0240 25 10 S
0240 5 13 S
0240 14 14 S
0240 25 17 S
0240 5 18 S
0240 28 23 S
0241 7 1 S
0241 1 6 S
0241 17 7 S
0241 17 9 S
0241 17 11 S
0241 14 12 S
0241 17 14 S
0241 14 15 S
0241 17 18 S
0242 5 1 S
0242 5 3 S
0242 5 7 S
0242 11 11 S
0242 14 14 S
0242 18 16 S
0243 7 3 S
0243 7 4 S
0243 6 6 S
0243 9 9 S
0243 16 11 S
0243 6 13 S
0243 16 16 S
0244 6 1 S
0244 6 6 S
0244 8 8 S
0245 24 2 S
0245 18 5 S
0245 11 7 S
0245 7 12 S
0245 18 15 S
0245 18 18 S
0245 18 19 S
0245 24 22 S
0246 10 2 S
0246 16 5 S
0246 10 8 S
0246 10 11 S
0246 16 14 S
0246 16 17 S
0247 7 4 S
0247 4 7 S
0247 4 9 S
0247 7 12 S
0247 4 14 S
0247 7 15 S
0248 7 1 S
0248 1 7 S
0248 7 11 S
0248 10 13 S
0249 13 1 S
0249 24 2 S
0249 6 3 S
0249 15 6 S
0249 17 8 S
0249 9 10 S
0249 4 13 S
0249 24 15 S
0249 4 17 S
0249 15 19 S
0249 15 21 S
0249 3 24 S
0249 24 29 S
0250 2 1 S
0250 6 2 S
0250 9 3 S
0250 6 4 S
0250 9 5 S
0250 6 7 S
0250 1 8 S
0250 9 10 S
0250 1 11 S
0250 6 13 S
0250 9 16 S
0250 6 19 S
0250 9 22 S
0250 21 24 S
0251 3 4 S
0251 6 7 S
0252 10 1 S
0252 10 3 S
0252 10 7 S
0252 10 10 S
0252 10 11 S
0252 8 13 S
0252 10 16 S
0253 3 1 S
0253 6 3 S
0253 3 5 S
0253 13 7 S
0253 6 9 S
0253 1 10 S
0253 13 12 S
0254 25 4 S
0254 9 6 S
0254 14 14 S
0254 5 17 S
0254 14 21 S
0254 14 23 S
0254 8 24 S
0254 25 26 S
0255 7 1 S
0255 13 7 S
0255 7 11 S
0255 13 12 S
0255 25 15 S
0255 25 18 S
0255 7 19 S
0255 13 21 S
0255 10 22 S
0255 25 24 S
0256 1 1 S
0256 8 4 S
0256 8 10 S
0256 8 13 S
0257 5 2 S
0257 5 7 S
0258 25 5 S
0258 6 7 S
0258 19 9 S
0258 10 11 S
0258 25 17 S
0258 13 20 S
0258 25 22 S
0258 21 24 S
0259 5 1 S
0259 1 2 S
0259 1 3 S
0259 9 5 S
0259 17 7 S
0259 9 10 S
0259 9 15 S
0259 20 16 S
0259 20 20 S
0259 5 21 S
0259 20 23 S
0260 25 3 S
0260 13 5 S
0260 20 8 S
0260 4 9 S
0260 6 11 S
0260 12 13 S
0260 20 17 S
0260 25 22 S
0261 3 1 S
0261 8 3 S
0261 10 6 S
0261 5 9 S
0261 10 11 S
0262 1 1 S
0262 6 3 S
0262 6 5 S
0263 11 1 S
0263 11 2 S
0263 13 4 S
0263 11 5 S
0263 2 7 S
0263 13 8 S
0263 13 9 S
0263 11 12 S
0263 8 15 S
0263 10 17 S
0263 11 19 S
0263 13 20 S
0263 8 21 S
0263 13 23 S
0263 1 25 S
0264 8 1 S
0264 6 2 S
0264 8 3 S
0264 5 7 S
0264 5 8 S
0264 2 10 S
0264 2 12 S
0265 10 3 S
0265 10 5 S
0265 19 6 S
0265 12 11 S
0265 12 17 S
0265 22 18 S
0265 22 21 S
0266 3 3 S
0266 9 8 S
0266 16 10 S
0266 3 15 S
0266 16 18 S
0266 20 19 S
0266 20 21 S
0266 20 24 S
0267 5 1 S
0267 1 2 S
0267 20 5 S
0267 5 6 S
0267 6 8 S
0267 20 9 S
0267 14 10 S
0267 20 13 S
0267 14 15 S
0267 20 17 S
0267 14 19 S
0267 20 22 S
0267 20 23 S
0267 5 26 S
0268 22 2 S
0268 15 3 S
0268 7 7 S
0268 22 8 S
0268 22 11 S
0268 7 13 S
0268 15 14 S
0268 7 21 S
0268 7 23 S
0268 15 24 S
0268 22 27 S
0269 2 1 S
0269 3 2 S
0269 3 3 S
0269 1 4 S
0269 5 5 S
0269 7 7 S
0269 1 9 S
0269 1 10 S
0269 3 13 S
0269 1 15 S
0269 5 16 S
0269 3 18 S
0269 20 20 S
0270 14 1 S
0270 5 2 S
0270 2 3 S
0270 2 5 S
0270 14 8 S
0270 17 10 S
0270 17 13 S
0270 14 15 S
0270 2 16 S
0270 17 18 S
0271 11 5 S
0271 5 9 S
0271 11 11 S
0272 9 2 S
0272 9 5 S
0272 9 8 S
0272 4 14 S
0272 9 17 S
0272 4 19 S
0272 9 22 S
0272 4 23 S
0273 3 4 S
0273 11 7 S
0273 11 10 S
0273 11 12 S
0274 7 7 S
0274 12 8 S
0274 10 10 S
0274 20 11 S
0274 10 13 S
0274 12 15 S
0274 10 16 S
0274 7 21 S
0274 10 23 S
0274 10 25 S
0274 20 26 S
0274 8 28 S
0274 23 30 S
0275 3 4 S
0275 29 5 S
0275 5 6 S
0275 11 7 S
0275 27 8 S
0275 29 10 S
0275 29 16 S
0275 17 20 S
0275 29 22 S
0276 1 1 S
0276 19 4 S
0276 7 7 S
0276 11 11 S
0276 11 20 S
0276 19 23 S
0277 16 1 S
0277 7 3 S
0277 8 5 S
0277 19 7 S
0277 19 8 S
0277 7 9 S
0277 7 10 S
0277 19 14 S
0277 7 16 S
0277 19 21 S
0278 19 5 S
0278 1 12 S
0278 19 13 S
0278 14 16 S
0278 11 17 S
0278 2 20 S
0278 11 22 S
0278 19 24 S
0279 3 6 S
0279 23 7 S
0279 23 10 S
0279 6 16 S
0279 3 18 S
0279 23 20 S
0279 23 21 S
0279 23 22 S
0279 6 23 S
0279 6 24 S
0279 5 26 S
0279 3 27 S
0279 22 28 S
0279 23 29 S
0280 5 1 S
0280 9 4 S
0280 13 11 S
0280 13 13 S
0281 20 1 S
0281 20 4 S
0281 16 8 S
0281 28 12 S
0281 28 15 S
0281 10 16 S
0281 16 17 S
0281 28 19 S
0281 28 21 S
0281 28 25 S
0282 2 1 S
0282 6 3 S
0282 6 6 S
0283 18 1 S
0283 18 2 S
0283 15 4 S
0283 15 6 S
0283 8 8 S
0283 18 9 S
0283 11 11 S
0283 11 14 S
0283 11 16 S
0283 24 19 S
0283 24 23 S
0283 15 24 S
0283 24 27 S
0284 6 8 S
0285 6 3 S
0285 16 4 S
0285 16 8 S
0285 16 10 S
0285 6 12 S
0285 16 13 S
0285 17 19 S
0286 10 5 S
0286 4 8 S
0286 10 10 S
0286 4 12 S
0286 19 15 S
0287 12 1 S
0287 6 3 S
0287 14 4 S
0287 3 9 S
0287 14 11 S
0287 12 13 S
0287 27 14 S
0287 3 19 S
0287 27 21 S
0288 14 1 S
0288 5 3 S
0288 14 4 S
0288 14 9 S
0288 5 10 S
0288 6 11 S
0288 14 12 S
0288 6 14 S
0289 1 5 S
0289 9 9 S
0289 9 10 S
0289 19 12 S
0289 19 15 S
0289 11 16 S
0289 19 23 S
0290 30 3 S
0290 14 7 S
0290 9 10 S
0290 13 13 S
0290 13 16 S
0290 9 19 S
0290 18 22 S
0290 9 23 S
0290 30 26 S
0291 18 3 S
0291 1 7 S
0291 18 11 S
0291 18 13 S
0291 18 14 S
0291 18 17 S
0291 18 20 S
0291 18 24 S
0292 2 1 S
0292 2 3 S
0292 13 5 S
0292 4 7 S
0292 9 11 S
0292 13 15 S
0293 3 4 S
0293 8 6 S
0293 8 7 S
0293 8 10 S
0293 21 13 S
0293 8 15 S
0293 8 17 S
0293 22 22 S
0294 8 1 S
0294 8 3 S
0294 8 4 S
0294 8 7 S
0294 5 8 S
0294 8 11 S
0295 8 2 S
0295 4 3 S
0295 8 6 S
0295 8 7 S
0295 4 10 S
0295 8 12 S
0296 17 3 S
0296 13 6 S
0296 13 7 S
0296 17 11 S
0296 17 14 S
0296 7 15 S
0296 13 16 S
0296 17 18 S
0297 10 3 S
0297 4 5 S
0297 10 7 S
0297 10 10 S
0298 5 3 S
0298 10 6 S
0298 8 8 S
0298 10 10 S
0299 2 1 S
0299 10 2 S
0299 2 4 S
0299 10 5 S
0299 10 6 S
0299 10 8 S
0300 5 3 S
0300 7 6 S
0300 7 7 S
0300 7 10 S
0301 14 1 S
0301 14 4 S
0301 14 9 S
0301 14 11 S
0301 14 13 S
0301 11 17 S
0301 11 19 S
0301 14 20 S
0301 13 22 S
0301 14 23 S
0302 12 3 S
0302 5 7 S
0302 5 11 S
0302 5 13 S
0302 12 15 S
0303 1 1 S
0303 1 4 S
0303 3 5 S
0303 22 7 S
0303 7 14 S
0303 22 18 S
0304 15 4 S
0304 21 5 S
0304 21 9 S
0304 21 12 S
0304 15 18 S
0304 15 22 S
0304 21 23 S
0304 21 25 S
0306 9 1 S
0306 5 5 S
0306 9 9 S
0306 9 10 S
0306 12 14 S
0307 12 1 S
0307 7 5 S
0307 5 7 S
0307 12 8 S
0307 7 10 S
0307 12 11 S
0307 7 13 S
0307 7 15 S
0307 14 17 S
0308 3 1 S
0308 5 5 S
0309 5 5 S
0310 16 2 S
0310 8 8 S
0310 13 12 S
0310 16 13 S
0310 16 15 S
0311 6 4 S
0311 6 7 S
0311 1 9 S
0311 6 12 S
0311 13 13 S
0311 1 16 S
0312 8 2 S
0312 10 7 S
0313 19 2 S
0313 19 4 S
0313 19 7 S
0313 15 8 S
0313 19 10 S
0313 15 13 S
0313 15 16 S
0313 15 18 S
0313 19 20 S
0314 1 1 S
0314 14 3 S
0314 17 6 S
0314 10 7 S
0314 14 9 S
0314 17 11 S
0314 17 15 S
0315 2 3 S
0315 10 4 S
0315 2 7 S
0315 10 8 S
0315 18 10 S
0315 2 11 S
0315 10 13 S
0315 13 15 S
0315 13 16 S
0315 18 20 S
0315 18 22 S
0316 20 3 S
0316 1 4 S
0316 2 6 S
0316 20 7 S
0316 6 8 S
0316 9 10 S
0316 20 11 S
0316 20 14 S
0316 16 16 S
0316 20 20 S
0316 7 21 S
0316 1 24 S
0317 1 1 S
0317 1 5 S
0317 15 6 S
0317 5 8 S
0317 15 9 S
0317 15 14 S
0318 7 6 S
0318 10 9 S
0318 7 10 S
0318 10 14 S
0318 20 18 S
0319 7 4 S
0319 7 5 S
0319 7 8 S
0320 3 3 S
0320 3 11 S
0320 19 13 S
0320 3 14 S
0320 13 16 S
0320 3 18 S
0320 21 21 S
0321 17 1 S
0321 28 3 S
0321 28 9 S
0321 16 16 S
0321 28 17 S
0321 28 25 S
0321 17 27 S
0321 28 30 S
0322 23 1 S
0322 1 2 S
0322 27 4 S
0322 4 6 S
0322 4 8 S
0322 27 10 S
0322 27 13 S
0322 1 15 S
0322 27 17 S
0322 23 21 S
0322 25 23 S
0323 1 1 S
0323 1 4 S
0323 10 6 S
0323 8 10 S
0323 8 13 S
0323 14 18 S
0323 8 21 S
0323 14 26 S
0323 26 28 S
0323 26 30 S
0324 1 1 S
0324 4 4 S
0324 3 6 S
0324 3 7 S
0324 11 9 S
0324 8 11 S
0324 1 13 S
0324 11 15 S
0325 17 3 S
0325 17 4 S
0325 17 5 S
0325 10 6 S
0325 10 7 S
0325 5 9 S
0325 10 13 S
0325 10 15 S
0325 8 18 S
0325 10 20 S
0325 10 21 S
0325 10 23 S
0325 17 27 S
0326 19 5 S
0326 11 8 S
0326 14 11 S
0326 6 12 S
0326 19 14 S
0327 18 2 S
0327 3 4 S
0327 18 9 S
0327 18 17 S
0327 3 18 S
0327 18 21 S
0327 3 22 S
0327 18 24 S
0327 18 25 S
0327 18 28 S
0328 15 1 S
0328 5 6 S
0328 15 8 S
0328 15 10 S
0328 15 13 S
0328 12 16 S
0328 13 17 S
0328 12 18 S
0328 15 21 S
0329 1 1 S
0329 6 5 S
0329 6 7 S
0329 6 8 S
0329 8 10 S
0330 1 1 S
0330 2 2 S
0330 1 5 S
0330 5 11 S
0330 4 13 S
0330 1 17 S
0331 6 1 S
0331 9 3 S
0331 22 4 S
0331 22 6 S
0331 9 8 S
0331 6 9 S
0331 6 13 S
0331 9 18 S
0331 9 21 S
0331 19 25 S
0331 22 27 S
0332 6 1 S
0332 6 2 S
0332 3 4 S
0332 6 8 S
0333 11 4 S
0333 6 6 S
0333 11 7 S
0333 11 10 S
0334 7 2 S
0334 19 3 S
0334 21 4 S
0334 16 5 S
0334 15 6 S
0334 4 13 S
0334 7 15 S
0334 19 17 S
0334 21 18 S
0335 3 1 S
0335 15 2 S
0335 3 3 S
0335 8 4 S
0335 10 7 S
0335 3 8 S
0335 15 9 S
0335 17 16 S
0336 1 3 S
0336 15 4 S
0336 12 6 S
0336 15 9 S
0336 15 15 S
0337 11 3 S
0337 11 5 S
0337 4 6 S
0337 11 7 S
0337 4 8 S
0337 11 10 S
0338 2 1 S
0338 1 2 S
0338 5 3 S
0338 3 6 S
0338 3 8 S
0338 18 13 S
0338 18 15 S
0338 3 16 S
0338 18 17 S
0338 1 18 S
0338 3 19 S
0338 18 21 S
0339 14 1 S
0339 14 2 S
0339 8 9 S
0339 16 10 S
0339 8 11 S
0339 8 13 S
0339 14 15 S
0339 16 20 S
0339 24 23 S
0340 21 3 S
0340 12 4 S
0340 3 6 S
0340 12 12 S
0340 16 15 S
0340 21 17 S
0340 12 22 S
0340 21 25 S
0341 9 6 S
0342 1 1 S
0342 6 3 S
0342 20 6 S
0342 6 13 S
0342 11 15 S
0342 20 19 S
0343 7 3 S
0343 7 4 S
0343 7 7 S
0343 7 9 S
0344 3 1 S
0344 6 4 S
0344 6 9 S
0346 22 2 S
0346 7 5 S
0346 5 6 S
0346 5 8 S
0346 5 9 S
0346 22 13 S
0346 7 14 S
0346 20 16 S
0346 5 17 S
0346 5 19 S
0346 22 22 S
0346 7 25 S
0346 22 29 S
0347 3 1 S
0347 6 4 S
0347 9 6 S
0347 11 8 S
0348 18 1 S
0348 18 7 S
0348 18 8 S
0348 18 11 S
0348 18 17 S
0348 12 20 S
0348 18 22 S
0349 9 5 S
0349 6 7 S
0349 15 9 S
0350 8 1 S
0350 20 4 S
0350 8 8 S
0350 20 10 S
0350 20 12 S
0350 20 15 S
0350 8 16 S
0350 8 19 S
0350 23 21 S
0350 20 23 S
0350 20 25 S
0350 23 28 S
0351 23 1 S
0351 29 3 S
0351 12 5 S
0351 23 8 S
0351 23 11 S
0351 29 14 S
0351 1 16 S
0351 19 19 S
0351 20 20 S
0351 29 23 S
0351 29 26 S
0352 8 6 S
0353 18 6 S
0353 18 8 S
0353 18 11 S
0353 15 13 S
0353 18 15 S
0353 18 18 S
0353 18 22 S
0354 18 6 S
0354 11 10 S
0354 14 12 S
0354 18 14 S
0355 6 1 S
0355 6 3 S
0355 6 4 S
0355 6 6 S
0356 16 3 S
0356 16 6 S
0356 5 7 S
0356 5 10 S
0356 16 13 S
0356 5 15 S
0356 5 18 S
0356 16 21 S
0357 5 2 S
0357 15 4 S
0357 5 7 S
0357 5 8 S
0357 15 12 S
0357 1 14 S
0357 15 16 S
0358 6 2 S
0358 17 3 S
0358 17 5 S
0358 7 6 S
0358 1 8 S
0358 3 10 S
0358 7 16 S
0358 7 18 S
0358 17 20 S
0359 19 1 S
0359 19 2 S
0359 7 4 S
0359 19 6 S
0359 1 10 S
0359 7 15 S
0359 3 16 S
0359 7 18 S
0359 19 21 S
0359 3 22 S
0359 1 23 S
0359 7 27 S
0359 19 29 S
0360 2 1 S
0360 22 2 S
0360 10 8 S
0360 9 10 S
0360 22 16 S
0361 14 9 S
0361 11 12 S
0361 14 17 S
0362 10 4 S
0362 6 6 S
0362 9 7 S
0362 10 9 S
0362 22 11 S
0362 2 13 S
0362 22 20 S
0362 9 21 S
0362 10 23 S
0362 6 24 S
0362 22 29 S
0363 10 1 S
0363 15 7 S
0363 10 12 S
0363 15 14 S
0365 7 4 S
0365 7 9 S
0365 7 10 S
0366 11 7 S
0366 11 8 S
0366 6 9 S
0366 11 12 S
0366 14 15 S
0367 6 3 S
0367 6 4 S
0367 8 8 S
0368 6 3 S
0368 5 4 S
0368 5 6 S
0368 5 8 S
0368 5 10 S
0368 6 11 S
0368 6 13 S
0369 3 3 S
0369 1 5 S
0369 15 8 S
0369 3 9 S
0369 15 14 S
0369 15 20 S
0369 19 22 S
0370 5 5 S
0370 6 7 S
0370 11 8 S
0370 11 11 S
0371 4 1 S
0371 9 2 S
0371 4 9 S
0371 9 13 S
0372 2 2 S
0373 8 2 S
0373 3 3 S
0373 4 5 S
0373 8 6 S
0373 8 7 S
0373 3 10 S
0374 13 8 S
0374 17 9 S
0374 17 10 S
0374 17 11 S
0374 5 13 S
0374 13 15 S
0374 5 19 S
0374 5 21 S
0374 17 23 S
0375 1 1 S
0375 22 5 S
0375 19 8 S
0375 19 10 S
0375 28 13 S
0375 19 14 S
0375 28 17 S
0375 28 18 S
0375 26 23 S
0375 26 26 S
0375 28 28 S
0376 12 1 S
0376 17 3 S
0376 4 7 S
0376 17 9 S
0376 17 10 S
0376 17 13 S
0376 8 16 S
0376 8 19 S
0376 12 21 S
0376 17 22 S
0377 6 3 S
0377 13 11 S
0377 6 12 S
0377 13 14 S
0377 13 17 S
0378 2 5 S
0378 6 6 S
0379 6 2 S
0379 6 4 S
0379 6 8 S
0380 7 5 S
0380 24 8 S
0380 24 9 S
0380 7 10 S
0380 3 11 S
0380 24 15 S
0380 3 16 S
0380 7 18 S
0380 7 20 S
0380 3 22 S
0380 24 24 S
0381 13 1 S
0381 18 4 S
0381 5 10 S
0381 18 11 S
0381 5 13 S
0381 22 14 S
0381 23 17 S
0381 23 20 S
0382 8 3 S
0382 13 6 S
0382 6 9 S
0382 10 14 S
0382 13 16 S
0383 9 4 S
0383 4 8 S
0383 9 11 S
0383 4 12 S
0383 11 15 S
0384 4 1 S
0384 3 4 S
0384 6 7 S
0384 6 8 S
0384 10 10 S
0384 3 11 S
0384 3 12 S
0384 10 13 S
0384 13 16 S
0385 7 1 S
0385 8 3 S
0385 9 4 S
0385 9 7 S
0385 7 10 S
0386 5 1 S
0386 1 5 S
0386 5 7 S
0387 16 2 S
0387 3 4 S
0387 3 7 S
0387 3 11 S
0387 14 13 S
0387 22 14 S
0387 18 15 S
0387 22 16 S
0387 3 17 S
0387 14 18 S
0387 28 23 S
0387 28 27 S
0388 8 1 S
0388 21 3 S
0388 4 4 S
0388 4 6 S
0388 21 9 S
0388 8 12 S
0388 8 13 S
0388 8 18 S
0388 17 23 S
0388 8 26 S
0388 21 28 S
0389 17 2 S
0389 12 6 S
0389 17 9 S
0389 14 12 S
0389 12 13 S
0389 14 15 S
0389 14 17 S
0389 14 18 S
0389 17 22 S
0390 17 3 S
0390 20 8 S
0390 13 13 S
0390 20 19 S
0390 20 21 S
0391 1 1 S
0391 2 3 S
0391 20 4 S
0391 11 5 S
0391 20 8 S
0391 17 9 S
0391 11 12 S
0391 17 13 S
0391 8 15 S
0391 11 16 S
0391 17 17 S
0391 11 19 S
0391 6 21 S
0391 20 25 S
0391 1 29 S
0392 5 7 S
0392 9 9 S
0392 9 10 S
0392 10 11 S
0392 10 13 S
0392 14 16 S
0393 17 2 S
0393 3 3 S
0393 17 9 S
0393 10 13 S
0393 10 14 S
0393 17 17 S
0393 10 18 S
0393 17 20 S
0394 12 8 S
0394 10 12 S
0394 12 17 S
0394 10 19 S
0394 12 21 S
0395 13 1 S
0395 30 3 S
0395 7 5 S
0395 4 7 S
0395 24 10 S
0395 10 16 S
0395 30 19 S
0395 24 21 S
0395 12 22 S
0395 30 25 S
0396 5 6 S
0396 10 14 S
0396 10 16 S
0396 5 17 S
0396 18 18 S
0396 10 25 S
0396 18 29 S
0397 11 3 S
0397 1 7 S
0397 11 9 S
0398 6 1 S
0398 4 3 S
0398 14 4 S
0398 4 10 S
0398 14 11 S
0398 14 13 S
0398 14 16 S
0399 7 4 S
0399 7 7 S
0399 7 11 S
0400 16 1 S
0400 29 2 S
0400 1 3 S
0400 29 7 S
0400 29 9 S
0400 29 12 S
0400 1 16 S
0400 20 18 S
0400 20 20 S
0400 16 21 S
0400 20 23 S
0400 16 24 S
0400 29 29 S
0401 8 2 S
0401 5 4 S
0401 8 6 S
0401 8 8 S
0401 5 10 S
0401 8 13 S
0402 17 1 S
0402 21 2 S
0402 5 4 S
0402 5 8 S
0402 11 12 S
0402 21 17 S
0402 17 18 S
0402 21 19 S
0402 11 23 S
0402 11 24 S
0402 21 26 S
0403 3 2 S
0403 10 4 S
0403 3 6 S
0403 2 8 S
0404 3 2 S
0404 14 3 S
0404 2 5 S
0404 14 12 S
0404 14 17 S
0405 6 1 S
0405 2 4 S
0405 2 7 S
0405 8 9 S
0406 17 3 S
0406 17 6 S
0406 1 9 S
0406 9 11 S
0406 17 13 S
0406 17 15 S
0406 13 16 S
0406 13 17 S
0406 7 18 S
0406 1 20 S
0406 17 22 S
0407 4 4 S
0407 4 7 S
0408 8 2 S
0408 8 4 S
0408 8 7 S
0409 15 4 S
0409 13 9 S
0409 15 11 S
0409 15 14 S
0409 20 16 S
0410 4 5 S
0410 4 8 S
0410 13 12 S
0410 13 15 S
0410 8 19 S
0410 14 21 S
0411 24 2 S
0411 24 4 S
0411 18 5 S
0411 24 6 S
0411 24 11 S
0411 24 12 S
0411 18 15 S
0411 18 18 S
0411 15 20 S
0411 18 24 S
0411 18 26 S
0411 24 29 S
0412 16 4 S
0412 7 7 S
0412 12 9 S
0412 14 11 S
0412 16 13 S
0412 14 15 S
0412 7 18 S
0412 7 20 S
0412 14 22 S
0412 16 26 S
0413 12 1 S
0413 16 7 S
0413 12 8 S
0413 24 10 S
0413 3 12 S
0413 16 14 S
0413 16 16 S
0413 3 19 S
0413 3 22 S
0413 24 24 S
0414 12 3 S
0414 5 8 S
0414 7 12 S
0414 12 14 S
0415 18 3 S
0415 6 4 S
0415 1 5 S
0415 1 7 S
0415 18 11 S
0415 1 14 S
0415 1 16 S
0415 18 18 S
0415 18 19 S
0415 18 21 S
0415 18 25 S
0416 6 6 S
0416 8 7 S
0416 6 9 S
0416 17 15 S
0417 13 1 S
0417 10 3 S
0417 13 4 S
0417 27 5 S
0417 27 6 S
0417 13 7 S
0417 13 13 S
0417 10 16 S
0417 10 18 S
0417 2 20 S
0417 2 22 S
0417 2 24 S
0417 2 28 S
0417 27 30 S
0418 8 1 S
0418 23 4 S
0418 15 8 S
0418 15 12 S
0418 15 14 S
0418 15 15 S
0418 15 17 S
0418 23 19 S
0418 15 24 S
0418 23 26 S
0419 21 4 S
0419 21 8 S
0419 21 10 S
0419 21 12 S
0419 21 13 S
0419 16 16 S
0419 21 19 S
0419 21 21 S
0420 12 2 S
0420 4 3 S
0420 11 7 S
0420 4 9 S
0420 4 12 S
0420 11 15 S
0420 12 16 S
0421 19 2 S
0421 23 5 S
0421 21 11 S
0421 12 14 S
0421 23 15 S
0421 23 17 S
0421 19 20 S
0421 23 23 S
0421 19 25 S
0421 23 30 S
0422 6 5 S
0422 15 9 S
0422 13 11 S
0422 15 14 S
0423 6 1 S
0423 2 3 S
0423 13 4 S
0423 8 7 S
0423 13 9 S
0423 13 11 S
0423 11 14 S
0423 8 15 S
0423 1 17 S
0424 1 1 S
0424 2 3 S
0424 8 4 S
0424 3 9 S
0424 8 13 S
0424 1 15 S
0425 4 4 S
0425 4 7 S
0425 5 9 S
0425 27 10 S
0425 15 18 S
0425 19 21 S
0425 4 24 S
0425 5 25 S
0425 15 28 S
0425 27 30 S
0426 21 2 S
0426 9 3 S
0426 12 5 S
0426 9 10 S
0426 9 12 S
0426 9 20 S
0426 9 21 S
0426 21 24 S
0427 9 3 S
0427 7 6 S
0427 11 8 S
0427 7 15 S
0427 9 16 S
0427 7 18 S
0427 20 22 S
0428 6 3 S
0428 6 7 S
0429 8 3 S
0429 9 4 S
0429 9 5 S
0429 12 8 S
0429 17 10 S
0429 5 11 S
0429 17 13 S
0429 8 15 S
0429 15 18 S
0429 8 21 S
0429 5 22 S
0429 17 25 S
0430 5 5 S
0430 13 6 S
0430 13 7 S
0430 5 8 S
0430 13 9 S
0430 13 10 S
0430 5 13 S
0430 1 14 S
0430 11 15 S
0430 12 16 S
0430 13 17 S
0431 17 2 S
0431 17 4 S
0431 5 5 S
0431 17 12 S
0431 17 16 S
0432 10 1 S
0432 10 2 S
0432 10 3 S
0432 6 4 S
0432 10 5 S
0432 8 6 S
0432 8 10 S
0432 10 12 S
0433 5 2 S
0433 5 4 S
0434 3 3 S
0434 17 5 S
0434 11 7 S
0434 11 9 S
0434 8 10 S
0434 11 12 S
0434 11 13 S
0434 8 14 S
0434 17 18 S
0434 17 20 S
0435 3 4 S
0435 24 5 S
0435 24 8 S
0435 9 12 S
0435 24 16 S
0435 3 17 S
0435 9 21 S
0435 14 22 S
0435 9 24 S
0435 24 27 S
0436 19 2 S
0436 8 3 S
0436 19 4 S
0436 5 6 S
0436 5 9 S
0436 22 12 S
0436 22 13 S
0436 11 15 S
0436 5 18 S
0436 5 20 S
0436 8 22 S
0436 19 23 S
0436 22 26 S
0437 16 4 S
0437 10 5 S
0437 10 6 S
0437 16 9 S
0437 10 11 S
0438 1 1 S
0438 2 3 S
0438 18 4 S
0438 7 8 S
0438 18 16 S
0438 15 17 S
0438 17 18 S
0438 1 19 S
0439 8 6 S
0439 8 8 S
0439 10 11 S
0439 14 12 S
0439 14 14 S
0440 3 5 S
0440 12 6 S
0440 8 7 S
0440 8 11 S
0440 8 13 S
0440 8 16 S
0441 22 1 S
0441 2 3 S
0441 27 4 S
0441 27 8 S
0441 1 16 S
0442 19 2 S
0442 8 8 S
0442 8 10 S
0442 19 12 S
0442 16 13 S
0442 16 15 S
0442 19 17 S
0442 19 20 S
0443 14 1 S
0443 2 3 S
0443 16 4 S
0443 4 5 S
0443 6 7 S
0443 6 11 S
0443 6 12 S
0443 1 16 S
0444 25 2 S
0444 25 6 S
0444 6 7 S
0444 23 10 S
0444 21 12 S
0444 6 14 S
0444 23 15 S
0444 18 18 S
0444 23 19 S
0444 23 22 S
0444 25 25 S
0445 10 1 S
0445 26 4 S
0445 26 8 S
0445 17 15 S
0445 10 17 S
0445 21 19 S
0445 21 22 S
0445 10 23 S
0445 26 25 S
0446 10 5 S
0446 10 8 S
0446 10 9 S
0446 6 11 S
0446 10 13 S
0446 9 14 S
0446 10 16 S
0447 4 1 S
0447 7 7 S
0447 7 9 S