0001 1 1 S
0001 3 2 S
0001 3 3 S
0001 15 5 S
0001 4 6 S
0001 5 7 S
0001 6 8 S
0001 11 9 S
0001 9 10 S
0001 10 11 S
0001 11 12 S
0001 3 13 S
0001 13 14 S
0001 9 15 S
0001 4 16 S
0001 15 17 S
0001 16 18 S
0001 2 19 S
0001 22 20 S
0001 4 21 S
0001 23 22 S
0001 5 23 S
0001 9 24 S
0001 22 25 S
0001 21 26 S
0001 4 27 S
0001 27 28 S
0001 28 29 S
0002 5 2 S
0002 1 3 S
0002 4 4 S
0002 1 5 S
0002 4 6 S
0002 1 7 S
0002 1 8 S
0002 4 9 S
0002 3 10 S
0002 5 11 S
0003 1 1 S
0003 2 2 S
0003 4 3 S
0003 4 4 S
0003 3 5 S
0003 5 6 S
0003 6 7 S
0003 1 8 S
0003 8 9 S
0003 8 10 S
0003 12 11 S
0003 12 12 S
0003 13 13 S
0003 15 14 S
0003 15 15 S
0003 16 16 S
0003 17 17 S
0003 18 18 S
0003 20 19 S
0003 8 20 S
0003 20 21 S
0003 17 22 S
0003 8 23 S
0003 16 24 S
0003 17 25 S
0003 24 26 S
0003 25 27 S
0004 1 1 S
0004 1 2 S
0004 2 3 S
0004 2 4 S
0004 1 5 S
0004 2 6 S
0004 12 7 S
0004 9 8 S
0004 17 9 S
0004 14 10 S
0004 17 11 S
0004 15 12 S
0004 9 13 S
0004 3 14 S
0004 14 15 S
0004 8 16 S
0004 11 17 S
0004 10 18 S
0004 11 19 S
0004 18 20 S
0005 1 1 S
0005 5 2 S
0005 1 3 S
0005 5 4 S
0005 6 5 S
0005 7 6 S
0005 8 7 S
0005 4 8 S
0005 1 9 S
0005 1 10 S
0005 2 11 S
0005 2 12 S
0005 9 13 S
0005 9 14 S
0005 11 15 S
0005 12 16 S
0005 12 17 S
0005 4 18 S
0005 14 19 S
0005 10 20 S
0005 16 21 S
0005 17 22 S
0005 18 23 S
0005 21 24 S
0005 20 25 S
0005 21 26 S
0005 20 27 S
0005 23 28 S
0005 20 29 S
0005 25 30 S
0006 1 1 S
0006 2 2 S
0006 1 3 S
0006 2 4 S
0006 3 5 S
0006 4 6 S
0006 3 7 S
0006 6 8 S
0006 9 9 S
0006 5 10 S
0006 7 11 S
0006 8 12 S
0006 5 13 S
0006 4 14 S
0006 2 15 S
0006 1 16 S
0006 12 17 S
0007 1 1 S
0007 15 2 S
0007 14 3 S
0007 16 4 S
0007 5 5 S
0007 21 6 S
0007 20 7 S
0007 1 8 S
0007 3 9 S
0007 14 10 S
0007 16 11 S
0007 14 12 S
0007 3 13 S
0007 20 14 S
0007 12 15 S
0007 16 16 S
0007 3 17 S
0007 2 18 S
0007 2 19 S
0007 1 20 S
0007 6 21 S
0007 5 22 S
0007 22 23 S
0008 1 1 S
0008 4 2 S
0008 1 3 S
0008 8 4 S
0008 6 5 S
0008 8 6 S
0008 9 7 S
0008 15 8 S
0008 14 9 S
0008 10 10 S
0008 11 11 S
0008 12 12 S
0008 13 13 S
0008 13 14 S
0008 16 15 S
0009 2 1 S
0009 2 2 S
0009 3 3 S
0009 4 4 S
0009 15 5 S
0009 5 6 S
0009 4 7 S
0009 7 8 S
0009 8 9 S
0009 8 10 S
0009 10 11 S
0009 11 12 S
0009 12 13 S
0009 13 14 S
0009 14 15 S
0009 13 16 S
0009 11 17 S
0009 16 18 S
0009 17 19 S
0009 13 20 S
0009 15 21 S
0009 7 22 S
0009 14 23 S
0009 15 24 S
0009 19 25 S
0009 15 26 S
0009 11 27 S
0009 18 28 S
0009 21 29 S
0010 1 1 S
0010 1 2 S
0010 2 3 S
0010 3 5 S
0010 4 6 S
0011 17 1 S
0011 4 2 S
0011 8 3 S
0011 8 4 S
0011 10 5 S
0011 11 6 S
0011 7 7 S
0011 8 8 S
0011 14 9 S
0011 10 10 S
0011 18 11 S
0011 20 12 S
0011 15 13 S
0011 14 14 S
0011 21 15 S
0011 14 16 S
0011 10 17 S
0011 18 18 S
0011 23 19 S
0011 25 20 S
0011 12 21 S
0011 23 22 S
0011 24 23 S
0011 26 24 S
0012 11 1 S
0012 5 2 S
0012 14 3 S
0012 18 4 S
0012 1 5 S
0012 5 6 S
0012 3 7 S
0012 8 8 S
0012 13 9 S
0012 10 10 S
0012 3 11 S
0012 15 12 S
0012 7 13 S
0012 5 14 S
0012 5 15 S
0012 5 16 S
0012 5 17 S
0012 3 18 S
0012 14 19 S
0012 3 20 S
0012 19 21 S
0012 15 22 S
0012 10 23 S
0012 17 24 S
0012 20 25 S
0013 3 1 S
0013 11 2 S
0013 8 3 S
0013 4 4 S
0013 6 5 S
0013 6 6 S
0013 8 7 S
0013 9 8 S
0013 10 9 S
0013 11 10 S
0013 9 11 S
0013 13 12 S
0013 14 13 S
0014 1 1 S
0014 2 2 S
0014 4 3 S
0014 5 4 S
0014 6 5 S
0014 7 6 S
0014 16 7 S
0014 1 8 S
0014 13 9 S
0014 14 10 S
0014 9 11 S
0014 10 12 S
0014 6 13 S
0014 15 15 S
0014 6 16 S
0014 18 17 S
0014 17 18 S
0014 2 19 S
0014 20 20 S
0015 1 1 S
0015 1 2 S
0015 6 3 S
0015 3 4 S
0015 1 6 S
0015 7 7 S
0015 6 8 S
0015 6 9 S
0015 6 10 S
0015 7 11 S
0015 8 12 S
0015 9 13 S
0015 10 14 S
0015 11 15 S
0015 13 16 S
0016 4 1 S
0016 4 2 S
0016 9 3 S
0016 8 5 S
0016 13 7 S
0016 12 8 S
0016 12 9 S
0016 12 10 S
0016 13 11 S
0016 4 12 S
0016 13 13 S
0016 14 14 S
0017 1 1 S
0017 1 2 S
0017 4 3 S
0017 6 4 S
0017 3 5 S
0017 10 6 S
0017 8 7 S
0017 7 8 S
0017 10 9 S
0017 9 10 S
0017 9 11 S
0017 10 12 S
0017 11 13 S
0017 12 14 S
0018 12 1 S
0018 7 2 S
0018 1 3 S
0018 8 4 S
0018 9 5 S
0018 13 6 S
0018 6 7 S
0018 11 8 S
0018 12 9 S
0018 15 10 S
0018 14 11 S
0018 12 12 S
0018 15 13 S
0018 17 14 S
0018 16 15 S
0018 16 16 S
0018 16 17 S
0018 6 18 S
0018 4 19 S
0018 4 20 S
0018 4 21 S
0018 1 22 S
0018 18 23 S
0019 5 1 S
0019 5 2 S
0019 11 3 S
0019 14 4 S
0019 7 5 S
0019 12 6 S
0019 13 7 S
0019 2 8 S
0019 13 10 S
0019 3 11 S
0019 16 12 S
0019 17 13 S
0019 18 14 S
0019 18 15 S
0019 19 16 S
0020 1 1 S
0020 2 2 S
0020 3 3 S
0020 4 4 S
0020 1 5 S
0020 2 6 S
0020 8 7 S
0020 9 8 S
0020 8 9 S
0020 11 10 S
0020 13 11 S
0020 13 12 S
0020 14 13 S
0020 16 14 S
0020 16 15 S
0020 16 16 S
0020 17 17 S
0021 4 1 S
0021 2 2 S
0021 1 3 S
0021 2 4 S
0021 3 6 S
0021 4 7 S
0021 5 9 S
0021 6 10 S
0022 2 1 S
0022 4 2 S
0022 1 3 S
0022 5 4 S
0022 8 5 S
0022 3 6 S
0022 9 7 S
0022 14 8 S
0022 13 9 S
0022 12 10 S
0022 12 11 S
0022 8 12 S
0022 15 13 S
0022 16 14 S
0022 17 15 S
0023 1 1 S
0023 2 2 S
0023 3 3 S
0023 6 4 S
0023 5 5 S
0023 8 6 S
0023 4 7 S
0023 3 8 S
0023 13 9 S
0023 17 10 S
0023 16 11 S
0023 13 12 S
0023 10 13 S
0023 18 14 S
0023 13 15 S
0023 14 16 S
0023 3 17 S
0023 22 18 S
0023 24 19 S
0023 20 20 S
0023 21 21 S
0023 25 22 S
0024 1 1 S
0024 2 2 S
0024 3 3 S
0024 5 4 S
0024 3 5 S
0024 1 6 S
0024 5 7 S
0024 7 8 S
0024 8 9 S
0025 1 1 S
0025 2 2 S
0025 3 3 S
0025 6 4 S
0025 17 5 S
0025 6 6 S
0025 14 7 S
0025 1 8 S
0025 2 9 S
0025 13 10 S
0025 5 11 S
0025 14 12 S
0025 1 13 S
0025 16 14 S
0025 12 16 S
0025 19 17 S
0026 20 1 S
0026 2 2 S
0026 3 3 S
0026 8 4 S
0026 3 5 S
0026 22 6 S
0026 4 7 S
0026 6 8 S
0026 4 9 S
0026 8 10 S
0026 15 11 S
0026 14 12 S
0026 9 13 S
0026 17 14 S
0026 8 15 S
0026 13 16 S
0026 18 17 S
0026 20 18 S
0026 9 19 S
0026 22 20 S
0026 23 21 S
0027 1 1 S
0027 2 2 S
0027 9 3 S
0027 3 4 S
0027 4 5 S
0027 5 6 S
0027 6 7 S
0027 7 8 S
0027 8 9 S
0027 11 10 S
0027 9 11 S
0027 9 12 S
0027 10 13 S
0027 13 14 S
0027 6 15 S
0027 13 16 S
0027 19 17 S
0027 2 18 S
0027 4 19 S
0027 19 20 S
0027 13 21 S
0027 20 22 S
0028 1 1 S
0028 2 2 S
0028 2 4 S
0028 6 5 S
0028 8 6 S
0028 8 8 S
0028 6 9 S
0028 3 10 S
0028 20 11 S
0028 20 12 S
0028 13 13 S
0028 17 14 S
0028 19 15 S
0028 21 16 S
0028 21 17 S
0028 3 18 S
0028 22 19 S
0028 19 20 S
0028 23 21 S
0029 1 1 S
0029 2 2 S
0029 13 3 S
0029 2 4 S
0029 3 5 S
0029 4 6 S
0029 6 7 S
0029 7 8 S
0029 7 9 S
0029 3 10 S
0029 4 11 S
0029 11 12 S
0029 1 13 S
0029 15 15 S
0029 13 16 S
0029 11 17 S
0029 10 18 S
0029 14 20 S
0029 16 21 S
0030 1 1 S
0030 3 2 S
0030 6 3 S
0030 3 4 S
0030 4 5 S
0030 21 6 S
0030 18 7 S
0030 6 8 S
0030 11 9 S
0030 8 10 S
0030 11 11 S
0030 7 12 S
0030 8 13 S
0030 9 14 S
0030 11 15 S
0030 10 16 S
0030 8 17 S
0030 11 18 S
0030 12 19 S
0030 9 20 S
0030 18 21 S
0030 20 22 S
0030 11 23 S
0030 17 24 S
0030 14 25 S
0030 16 26 S
0030 11 27 S
0030 17 28 S
0030 17 29 S
0030 24 30 S
0031 1 1 S
0031 2 2 S
0031 3 3 S
0031 5 4 S
0031 5 5 S
0031 6 6 S
0032 2 1 S
0032 1 2 S
0032 12 3 S
0032 2 4 S
0032 1 5 S
0032 25 6 S
0032 5 7 S
0032 12 8 S
0032 10 9 S
0032 13 10 S
0032 5 11 S
0032 9 12 S
0032 2 13 S
0032 5 14 S
0032 7 15 S
0032 16 16 S
0032 12 17 S
0032 15 18 S
0032 16 19 S
0032 9 20 S
0032 21 21 S
0032 15 22 S
0032 19 23 S
0032 21 24 S
0032 9 25 S
0032 20 26 S
0032 21 27 S
0032 16 28 S
0032 26 29 S
0033 2 1 S
0033 2 2 S
0033 3 3 S
0033 4 4 S
0033 8 5 S
0033 6 6 S
0033 2 7 S
0033 3 8 S
0033 7 9 S
0033 2 10 S
0033 7 11 S
0033 10 12 S
0033 1 13 S
0033 12 14 S
0034 1 1 S
0034 4 2 S
0034 12 3 S
0034 7 4 S
0034 12 5 S
0034 10 6 S
0034 14 7 S
0034 8 8 S
0034 12 9 S
0034 11 10 S
0034 12 11 S
0034 17 12 S
0034 17 13 S
0034 12 14 S
0034 16 15 S
0034 12 16 S
0034 16 17 S
0034 13 18 S
0034 18 19 S
0035 5 1 S
0035 9 2 S
0035 5 3 S
0035 3 4 S
0035 7 5 S
0035 8 6 S
0035 8 7 S
0035 3 8 S
0035 2 9 S
0035 3 10 S
0035 1 11 S
0035 1 12 S
0035 1 13 S
0035 3 14 S
0035 9 15 S
0035 9 16 S
0035 10 17 S
0035 11 18 S
0035 12 19 S
0035 14 20 S
0035 14 21 S
0035 15 22 S
0035 8 23 S
0035 5 24 S
0035 17 25 S
0035 7 26 S
0035 19 27 S
0036 1 1 S
0036 2 2 S
0036 5 3 S
0036 7 4 S
0036 9 5 S
0036 16 6 S
0036 8 7 S
0036 15 8 S
0036 20 9 S
0036 15 10 S
0036 6 11 S
0036 15 12 S
0036 14 13 S
0036 16 14 S
0036 3 15 S
0036 17 16 S
0036 19 17 S
0036 19 18 S
0036 20 19 S
0036 6 20 S
0036 21 21 S
0036 22 22 S
0036 23 23 S
0037 2 1 S
0037 2 2 S
0037 4 3 S
0037 10 4 S
0037 7 5 S
0037 14 6 S
0037 5 7 S
0037 14 8 S
0037 9 9 S
0037 11 10 S
0037 5 11 S
0037 18 12 S
0037 7 13 S
0037 14 14 S
0037 17 15 S
0037 7 16 S
0037 20 17 S
0037 6 18 S
0037 7 19 S
0037 7 20 S
0037 21 21 S
0037 12 22 S
0037 21 23 S
0037 4 24 S
0037 23 25 S
0037 27 26 S